Starting Dynare (version 6.2).
Calling Dynare with arguments: none
Starting preprocessing of the model file ...
Found 42 equation(s).
Evaluating expressions...
Computing static model derivatives (order 1).
Normalizing the static model...
Finding the optimal block decomposition of the static model...
13 block(s) found:
  11 recursive block(s) and 2 simultaneous block(s).
  the largest simultaneous block has 16 equation(s)
                                 and 16 feedback variable(s).
Computing dynamic model derivatives (order 2).
Normalizing the dynamic model...
Finding the optimal block decomposition of the dynamic model...
8 block(s) found:
  6 recursive block(s) and 2 simultaneous block(s).
  the largest simultaneous block has 16 equation(s)
                                 and 14 feedback variable(s).
Preprocessing completed.
Preprocessing time: 0h00m00s.
[Warning: Some of the parameters have no value (rho, rho_d, rho_q, rho_p,
rho_w, rho_g, sig_u, sig_nu, sig_d, sig_q, sig_p, sig_w, sig_g, zet, h, del,
bet, alp, chi, xi, iot, iot_w, psi, cal, kap, cal_w, kap_w, mu_p, psi_p,
mu_w, psi_w, rho_r, gam_pi, gam_y, BM_11, BM_12, BM_21, BM_22, BM_31, BM_32,
FA_11, FA_12, FA_13, FA_21, FA_22, FA_23, CM_11, CM_12, CM_21, CM_22) when
using steady. If these parameters are not initialized in a steadystate file
or a steady_state_model-block, Dynare may not be able to solve the model.
Note that simul, perfect_foresight_setup, and perfect_foresight_solver do not
automatically call the steady state file.] 

STEADY-STATE RESULTS:

xh      		 0
xhh     		 0
zh      		 0
pty     		 0
s       		 0
da      		 0
d       		 0
q       		 0
m_p     		 0
epsma_p 		 0
m_w     		 0
epsma_w 		 0
g       		 0
lam     		 0
phi     		 0
c       		 0
i       		 0
kbar    		 0
kk      		 0
u       		 0
y       		 0
n       		 0
rk      		 0
w       		 0
pi      		 0
mc      		 0
mc_w    		 0
r       		 0
ri      		 0
ca      		 0
ia      		 0
ya      		 0
ka      		 0
wa      		 0
dca     		 0
diad    		 0
dya     		 0
dn      		 0
dwa     		 0
dr      		 0
dpi     		 0
dy      		 0

MODEL SUMMARY

  Number of variables:         42
  Number of stochastic shocks: 7
  Number of state variables:   23
  Number of jumpers:           8
  Number of static variables:  15


MATRIX OF COVARIANCE OF EXOGENOUS SHOCKS
Variables         e_1       e_2     eps_d     eps_p     eps_w     eps_q     eps_g
e_1          1.000000  0.000000  0.000000  0.000000  0.000000  0.000000  0.000000
e_2          0.000000  1.000000  0.000000  0.000000  0.000000  0.000000  0.000000
eps_d        0.000000  0.000000  1.000000  0.000000  0.000000  0.000000  0.000000
eps_p        0.000000  0.000000  0.000000  1.000000  0.000000  0.000000  0.000000
eps_w        0.000000  0.000000  0.000000  0.000000  1.000000  0.000000  0.000000
eps_q        0.000000  0.000000  0.000000  0.000000  0.000000  1.000000  0.000000
eps_g        0.000000  0.000000  0.000000  0.000000  0.000000  0.000000  1.000000

POLICY AND TRANSITION FUNCTIONS
                                  xh             xhh              zh             pty               s              da               d               q             m_p         epsma_p             m_w         epsma_w               g             lam             phi               c               i            kbar              kk               u               y               n              rk               w              pi              mc            mc_w               r              ri              ca              ia              ya              ka              wa             dca            diad             dya              dn             dwa              dr             dpi              dy
xh(-1)                      1.600000        1.000000               0        1.600000        1.600000        1.600000               0               0               0               0               0               0               0       -0.728442        0.336969       -0.476955       -0.341173       -1.568529       -1.481870        0.118130       -0.272610        0.245644        0.590652       -1.136862       -0.272616       -0.618608       -2.356593       -0.205143       -0.041343        1.123045        1.258827        1.327390        0.118130        0.463138        1.123045        1.258827        1.327390        0.245644        0.463138       -0.205143       -0.272616       -0.272610
xhh(-1)                    -0.600000               0               0       -0.600000       -0.600000       -0.600000               0               0               0               0               0               0               0        0.708630        0.163246       -0.043259       -0.124332        0.581892        0.509064       -0.090936       -0.074398       -0.324454       -0.454680        0.378838        0.099118        0.128783        1.736375        0.074152       -0.002740       -0.643259       -0.724332       -0.674398       -0.090936       -0.221162       -0.643259       -0.724332       -0.674398       -0.324454       -0.221162        0.074152        0.099118       -0.074398
zh(-1)                             0               0        0.600000        0.600000               0        0.600000               0               0               0               0               0               0               0        0.452608        0.609045       -0.549054       -0.548392       -0.598710       -0.633430       -0.033430       -0.396607       -0.295112       -0.167148       -0.505466       -0.107419       -0.403970        0.537366       -0.081556       -0.045910        0.050946        0.051608        0.203393       -0.033430        0.094534        0.050946        0.051608        0.203393       -0.295112        0.094534       -0.081556       -0.107419       -0.396607
pty(-1)                            0               0               0               0               0       -1.000000               0               0               0               0               0               0               0        0.019812       -0.500215        0.520214        0.465505        0.986638        0.972806       -0.027194        0.347008        0.078809       -0.135972        0.758024        0.173498        0.489825        0.620218        0.130991        0.044083        0.520214        0.465505        0.347008        0.972806        0.758024        0.520214        0.465505        0.347008        0.078809        0.758024        0.130991        0.173498        0.347008
d(-1)                              0               0               0               0               0               0        0.600000               0               0               0               0               0               0       -0.017375       -0.060116        0.010163        0.260524        0.021513        0.013471        0.013471        0.063811        0.085386        0.067357       -0.004558        0.015053        0.017017       -0.192704        0.011449       -0.000687        0.010163        0.260524        0.063811        0.013471       -0.004558        0.010163        0.260524        0.063811        0.085386       -0.004558        0.011449        0.015053        0.063811
q(-1)                              0               0               0               0               0               0               0        0.400000               0               0               0               0               0        1.230168        0.114467       -0.459493       -0.554924       -0.013873       -0.077404       -0.077404       -0.366707       -0.490694       -0.387020        0.026269       -0.077378       -0.097718        2.237825        0.341050        0.401585       -0.459493       -0.554924       -0.366707       -0.077404        0.026269       -0.459493       -0.554924       -0.366707       -0.490694        0.026269        0.341050       -0.077378       -0.366707
m_p(-1)                            0               0               0               0               0               0               0               0        0.600000               0               0               0               0        0.882132       -0.174992       -0.294639       -0.321602       -0.008040       -0.159056       -0.159056       -0.260262       -0.303637       -0.795280       -0.650699        0.697556       -0.694074        0.838705        0.522516        0.298795       -0.294639       -0.321602       -0.260262       -0.159056       -0.650699       -0.294639       -0.321602       -0.260262       -0.303637       -0.650699        0.522516        0.697556       -0.260262
epsma_p(-1)                        0               0               0               0               0               0               0               0       -0.115500               0               0               0               0       -0.169810        0.033686        0.056718        0.061908        0.001548        0.030618        0.030618        0.050101        0.058450        0.153091        0.125260       -0.134280        0.133609       -0.161451       -0.100584       -0.057518        0.056718        0.061908        0.050101        0.030618        0.125260        0.056718        0.061908        0.050101        0.058450        0.125260       -0.100584       -0.134280        0.050101
m_w(-1)                            0               0               0               0               0               0               0               0               0               0        0.600000               0               0        0.008146        0.002808       -0.003929       -0.005860       -0.000147       -0.000241       -0.000241       -0.003246       -0.004534       -0.001203        0.003091        0.001974        0.001803        0.020305        0.001473       -0.000196       -0.003929       -0.005860       -0.003246       -0.000241        0.003091       -0.003929       -0.005860       -0.003246       -0.004534        0.003091        0.001473        0.001974       -0.003246
epsma_w(-1)                        0               0               0               0               0               0               0               0               0               0       -0.136500               0               0       -0.001853       -0.000639        0.000894        0.001333        0.000033        0.000055        0.000055        0.000738        0.001031        0.000274       -0.000703       -0.000449       -0.000410       -0.004619       -0.000335        0.000045        0.000894        0.001333        0.000738        0.000055       -0.000703        0.000894        0.001333        0.000738        0.001031       -0.000703       -0.000335       -0.000449        0.000738
g(-1)                              0               0               0               0               0               0               0               0               0               0               0               0        0.600000        0.086871        0.031025       -0.032923       -0.025608       -0.000640        0.132093        0.132093        0.617359        0.825330        0.660465       -0.032772        0.050434        0.175199       -1.596561        0.039369        0.020023       -0.032923       -0.025608        0.617359        0.132093       -0.032772       -0.032923       -0.025608        0.617359        0.825330       -0.032772        0.039369        0.050434        0.617359
kbar(-1)                           0               0               0               0               0               0               0               0               0               0               0               0               0       -0.683382       -0.625562        0.329630        0.016686        0.975417        0.817477       -0.182523        0.112510       -0.189618       -0.912615        0.094481       -0.117530       -0.207648       -0.209664       -0.087867       -0.006599        0.329630        0.016686        0.112510        0.817477        0.094481        0.329630        0.016686        0.112510       -0.189618        0.094481       -0.087867       -0.117530        0.112510
y(-1)                              0               0               0               0               0               0               0               0               0               0               0               0               0               0               0               0               0               0               0               0               0               0               0               0               0               0               0               0               0               0               0               0               0               0               0               0               0               0               0               0               0       -1.000000
n(-1)                              0               0               0               0               0               0               0               0               0               0               0               0               0               0               0               0               0               0               0               0               0               0               0               0               0               0               0               0               0               0               0               0               0               0               0               0               0       -1.000000               0               0               0               0
r(-1)                              0               0               0               0               0               0               0               0               0               0               0               0               0        0.948136        0.055320       -0.314922       -0.344689       -0.008617       -0.051815       -0.051815       -0.243466       -0.325603       -0.259074        0.014714       -0.041747       -0.067422        1.614056        0.468081        0.498090       -0.314922       -0.344689       -0.243466       -0.051815        0.014714       -0.314922       -0.344689       -0.243466       -0.325603        0.014714       -0.531919       -0.041747       -0.243466
ca(-1)                             0               0               0               0               0               0               0               0               0               0               0               0               0               0               0               0               0               0               0               0               0               0               0               0               0               0               0               0               0               0               0               0               0               0       -1.000000               0               0               0               0               0               0               0
ia(-1)                             0               0               0               0               0               0               0               0               0               0               0               0               0               0               0               0               0               0               0               0               0               0               0               0               0               0               0               0               0               0               0               0               0               0               0       -1.000000               0               0               0               0               0               0
ya(-1)                             0               0               0               0               0               0               0               0               0               0               0               0               0               0               0               0               0               0               0               0               0               0               0               0               0               0               0               0               0               0               0               0               0               0               0               0       -1.000000               0               0               0               0               0
wa(-1)                             0               0               0               0               0               0               0               0               0               0               0               0               0               0               0               0               0               0               0               0               0               0               0               0               0               0               0               0               0               0               0               0               0               0               0               0               0               0       -1.000000               0               0               0
c(-1)                              0               0               0               0               0               0               0               0               0               0               0               0               0        0.028823        0.008177        0.489808       -0.007769       -0.000194        0.055133        0.055133        0.256731        0.343130        0.275667       -0.012329        0.018340        0.074070       -0.669764        0.014397        0.009231        0.489808       -0.007769        0.256731        0.055133       -0.012329        0.489808       -0.007769        0.256731        0.343130       -0.012329        0.014397        0.018340        0.256731
i(-1)                              0               0               0               0               0               0               0               0               0               0               0               0               0        0.001372       -0.056624        0.003110        0.876675        0.021917        0.042245        0.042245        0.198452        0.265398        0.211227       -0.011926        0.027037        0.055020       -0.541349        0.020774        0.003387        0.003110        0.876675        0.198452        0.042245       -0.011926        0.003110        0.876675        0.198452        0.265398       -0.011926        0.020774        0.027037        0.198452
w(-1)                              0               0               0               0               0               0               0               0               0               0               0               0               0        0.672998        0.173796       -0.302334       -0.420087       -0.010502        0.057950        0.057950       -0.220685       -0.340100        0.289749        0.687798        0.245652        0.568383        2.040996        0.183687        0.038065       -0.302334       -0.420087       -0.220685        0.057950        0.687798       -0.302334       -0.420087       -0.220685       -0.340100        0.687798        0.183687        0.245652       -0.220685
pi(-1)                             0               0               0               0               0               0               0               0               0               0               0               0               0               0               0               0               0               0               0               0               0               0               0               0               0               0               0               0               0               0               0               0               0               0               0               0               0               0               0               0       -1.000000               0
e_1                         0.245027        0.128370        0.237837        0.482863        0.084419        0.482863               0               0               0               0               0               0               0        0.039091        0.273895       -0.276011       -0.252963       -0.477116       -0.474943        0.007920       -0.187293       -0.064015        0.039601       -0.371328       -0.084124       -0.248049       -0.204208       -0.063561       -0.023325        0.206852        0.229900        0.295570        0.007920        0.111535        0.206852        0.229900        0.295570       -0.064015        0.111535       -0.063561       -0.084124       -0.187293
e_2                         0.184664        0.126923       -0.100245        0.084419        1.103314        0.084419               0               0               0               0               0               0               0       -0.146329       -0.053977        0.029869        0.044504       -0.081196       -0.066631        0.017788        0.029379        0.070527        0.088940       -0.048218       -0.013612       -0.007070       -0.335600       -0.010136        0.002339        0.114288        0.128923        0.113799        0.017788        0.036201        0.114288        0.128923        0.113799        0.070527        0.036201       -0.010136       -0.013612        0.029379
eps_d                              0               0               0               0               0               0        0.150000               0               0               0               0               0               0       -0.004344       -0.015029        0.002541        0.065131        0.005378        0.003368        0.003368        0.015953        0.021346        0.016839       -0.001139        0.003763        0.004254       -0.048176        0.002862       -0.000172        0.002541        0.065131        0.015953        0.003368       -0.001139        0.002541        0.065131        0.015953        0.021346       -0.001139        0.002862        0.003763        0.015953
eps_p                              0               0               0               0               0               0               0               0        0.150000        1.000000               0               0               0        0.081738       -0.005087       -0.011864        0.004118        0.000103       -0.014850       -0.014850       -0.009384       -0.007041       -0.074252       -0.082061        0.083747       -0.079718        0.013759        0.062787        0.115331       -0.011864        0.004118       -0.009384       -0.014850       -0.082061       -0.011864        0.004118       -0.009384       -0.007041       -0.082061        0.062787        0.083747       -0.009384
eps_w                              0               0               0               0               0               0               0               0               0               0        0.150000        1.000000               0       -0.000416       -0.000198        0.000222        0.000360        0.000009        0.000086        0.000086        0.000211        0.000264        0.000429        0.000251       -0.000023        0.000304       -0.000695       -0.000017        0.000061        0.000222        0.000360        0.000211        0.000086        0.000251        0.000222        0.000360        0.000211        0.000264        0.000251       -0.000017       -0.000023        0.000211
eps_q                              0               0               0               0               0               0               0        0.150000               0               0               0               0               0        0.461313        0.042925       -0.172310       -0.208097       -0.005202       -0.029027       -0.029027       -0.137515       -0.184010       -0.145133        0.009851       -0.029017       -0.036644        0.839184        0.127894        0.150595       -0.172310       -0.208097       -0.137515       -0.029027        0.009851       -0.172310       -0.208097       -0.137515       -0.184010        0.009851        0.127894       -0.029017       -0.137515
eps_g                              0               0               0               0               0               0               0               0               0               0               0               0        0.500000        0.072392        0.025854       -0.027436       -0.021340       -0.000534        0.110077        0.110077        0.514466        0.687775        0.550387       -0.027310        0.042028        0.145999       -1.330468        0.032807        0.016686       -0.027436       -0.021340        0.514466        0.110077       -0.027310       -0.027436       -0.021340        0.514466        0.687775       -0.027310        0.032807        0.042028        0.514466


MOMENTS OF SIMULATED VARIABLES
VARIABLE              MEAN       STD. DEV.        VARIANCE        SKEWNESS        KURTOSIS
xh               13.053315        6.476733       41.948067        0.240875       -1.034388
xhh              13.052308        6.473358       41.904362        0.241224       -1.037776
zh               -0.006787        0.311051        0.096753        0.135992       -0.137251
pty              13.046528        6.502735       42.285566        0.232680       -1.026987
s                13.069653        6.517916       42.483225        0.248328       -0.987342
da                0.002445        0.496105        0.246120        0.030715        0.232302
d                 0.001255        0.176254        0.031065        0.043853        0.009590
q                -0.002312        0.164987        0.027221       -0.028191        0.004538
m_p              -0.000678        0.152557        0.023274        0.046865        0.200115
epsma_p          -0.006968        0.987281        0.974724        0.042297        0.093601
m_w              -0.001181        0.159626        0.025481        0.038351        0.040146
epsma_w          -0.030311        0.989257        0.978629        0.023182        0.063364
g                 0.030758        0.623763        0.389081        0.106365        0.162568
lam              -0.016671        0.850915        0.724057        0.049060       -0.083651
phi              -0.007526        0.793689        0.629942        0.198721        0.271008
c                 0.012808        0.734426        0.539381       -0.095484        0.032152
i                 0.083475        1.851503        3.428063       -0.075649        0.089786
kbar             -0.002988        1.480468        2.191786       -0.201306        0.278893
kk                0.006774        1.322900        1.750064       -0.197991        0.191574
u                 0.012012        0.288366        0.083155        0.123038        0.343875
y                 0.058198        0.772411        0.596619       -0.034040        0.125816
n                 0.080237        1.173112        1.376193        0.046772        0.082324
rk                0.060060        1.441829        2.078870        0.123038        0.343875
w                -0.013402        0.745798        0.556214       -0.141405        0.188681
pi                0.002121        0.158667        0.025175        0.007454        0.157284
mc                0.008636        0.348248        0.121277       -0.039805       -0.050886
mc_w             -0.190548        2.702546        7.303756       -0.006128        0.058375
r                -0.001081        0.237105        0.056219       -0.053798       -0.088690
ri               -0.002351        0.261176        0.068213       -0.112235       -0.003520
ca               13.059336        6.433705       41.392564        0.254884       -1.037773
ia               13.130004        6.997462       48.964478        0.228695       -0.922325
ya               13.104727        6.604585       43.620543        0.223858       -1.017324
ka               13.053303        6.427699       41.315317        0.248922       -1.072522
wa               13.033126        6.418122       41.192284        0.243899       -1.061093
dca               0.002481        0.334789        0.112084       -0.016197        0.104604
diad              0.002740        0.478450        0.228914        0.010973       -0.000177
dya               0.003112        0.675200        0.455895        0.023000       -0.128739
dn                0.000965        0.794420        0.631103       -0.040725       -0.117340
dwa               0.002366        0.185821        0.034530       -0.036220        0.036521
dr               -0.000071        0.195407        0.038184       -0.031934       -0.028580
dpi              -0.000010        0.195461        0.038205       -0.063340        0.043811
dy                0.000667        0.620303        0.384776       -0.038571       -0.106880


CORRELATION OF SIMULATED VARIABLES
VARIABLE         xh      xhh       zh      pty        s       da        d        q      m_p  epsma_p      m_w  epsma_w        g      lam      phi        c        i     kbar       kk        u        y        n       rk        w       pi       mc     mc_w        r       ri       ca       ia       ya       ka       wa      dca     diad      dya       dn      dwa       dr      dpi       dy
xh           1.0000   0.9997   0.0598   0.9989   0.9904   0.0051  -0.0356  -0.0185   0.0050   0.0074   0.0010  -0.0125   0.0675   0.1002   0.1458  -0.1271   0.1430  -0.1467  -0.1363   0.1703   0.0857   0.1465   0.1703  -0.1430   0.0481  -0.0028  -0.1350   0.0202  -0.0089   0.9951   0.9661   0.9935   0.9825   0.9954   0.0216   0.0160   0.0054  -0.0028   0.0490   0.0044   0.0071   0.0018
xhh          0.9997   1.0000   0.0437   0.9978   0.9893  -0.0140  -0.0366  -0.0184   0.0047   0.0072   0.0012  -0.0115   0.0665   0.0997   0.1333  -0.1163   0.1452  -0.1333  -0.1223   0.1646   0.0904   0.1442   0.1646  -0.1254   0.0619   0.0164  -0.1284   0.0296  -0.0044   0.9952   0.9657   0.9930   0.9843   0.9964   0.0028  -0.0034  -0.0064  -0.0046   0.0295   0.0102   0.0113   0.0042
zh           0.0598   0.0437   1.0000   0.1073   0.0003   0.5736  -0.0273   0.0117   0.0221   0.0143  -0.0094  -0.0272   0.0588   0.2039   0.5309  -0.4885  -0.1558  -0.4354  -0.4671   0.1239  -0.2470  -0.0066   0.1239  -0.5786  -0.4415  -0.7134  -0.0898  -0.2958  -0.1562   0.0527   0.0585   0.0768   0.0125   0.0415   0.4374   0.4473   0.3160   0.0140   0.5258  -0.1639  -0.1257  -0.1148
pty          0.9989   0.9978   0.1073   1.0000   0.9865   0.0325  -0.0368  -0.0179   0.0060   0.0081   0.0005  -0.0138   0.0700   0.1096   0.1706  -0.1500   0.1350  -0.1670  -0.1581   0.1755   0.0735   0.1456   0.1755  -0.1701   0.0267  -0.0369  -0.1388   0.0060  -0.0163   0.9936   0.9650   0.9932   0.9791   0.9934   0.0424   0.0374   0.0205  -0.0022   0.0740  -0.0034   0.0011  -0.0037
s            0.9904   0.9893   0.0003   0.9865   1.0000   0.0100  -0.0256  -0.0205   0.0025   0.0057   0.0025  -0.0121   0.0649   0.0725   0.1257  -0.1112   0.1476  -0.1439  -0.1326   0.1737   0.0937   0.1522   0.1737  -0.1388   0.0432   0.0076  -0.1476   0.0184  -0.0064   0.9844   0.9558   0.9822   0.9707   0.9833   0.0576   0.0439   0.0162   0.0064   0.0648  -0.0025   0.0017   0.0096
da           0.0051  -0.0140   0.5736   0.0325   0.0100   1.0000   0.0038  -0.0123   0.0457   0.0416  -0.0315  -0.0490   0.0223  -0.0212   0.2762  -0.3240  -0.1430  -0.2966  -0.3286   0.0312  -0.2029  -0.0320   0.0312  -0.4722  -0.4949  -0.6691  -0.1092  -0.2375  -0.0458  -0.0041  -0.0076   0.0083  -0.0347  -0.0219   0.6935   0.5368   0.4735  -0.0547   0.5921  -0.3394  -0.3863  -0.2843
d           -0.0356  -0.0366  -0.0273  -0.0368  -0.0256   0.0038   1.0000   0.0060  -0.0134  -0.0237   0.0073  -0.0029  -0.0033   0.0196   0.0289  -0.0363   0.1052  -0.0622  -0.0607   0.0820   0.0424   0.0692   0.0820  -0.0580   0.0417   0.0149  -0.0699   0.0150  -0.0163  -0.0413  -0.0063  -0.0312  -0.0497  -0.0440   0.0277   0.1885   0.0578   0.0595   0.0275   0.0436   0.0551   0.0598
q           -0.0185  -0.0184   0.0117  -0.0179  -0.0205  -0.0123   0.0060   1.0000   0.0291   0.0247   0.0231   0.0119   0.0449   0.6631   0.0519  -0.3350  -0.2058   0.0188  -0.0057  -0.1587  -0.2425  -0.2253  -0.1587   0.0375  -0.2114  -0.1409   0.4148   0.7207   0.7673  -0.0563  -0.0711  -0.0460  -0.0193  -0.0138  -0.5027  -0.5121  -0.1889  -0.2056   0.0345   0.5519  -0.0930  -0.1958
m_p          0.0050   0.0047   0.0221   0.0060   0.0025   0.0457  -0.0134   0.0291   1.0000   0.9800   0.0264   0.0172   0.0258   0.1385   0.0103  -0.0532  -0.0108  -0.0111  -0.0217  -0.0431  -0.0144  -0.0030  -0.0431  -0.1170   0.5809  -0.2289   0.0139   0.3012   0.4520   0.0000   0.0028   0.0043   0.0016  -0.0075  -0.0478  -0.0172   0.0186   0.0020  -0.4868   0.3909   0.5027  -0.0163
epsma_p      0.0074   0.0072   0.0143   0.0081   0.0057   0.0416  -0.0237   0.0247   0.9800   1.0000   0.0267   0.0155   0.0284   0.1240   0.0073  -0.0444   0.0003  -0.0104  -0.0203  -0.0388  -0.0020   0.0079  -0.0388  -0.1235   0.5270  -0.2333  -0.0019   0.2891   0.4612   0.0031   0.0076   0.0077   0.0040  -0.0062  -0.0317  -0.0061   0.0214   0.0067  -0.4367   0.3328   0.4220  -0.0100
m_w          0.0010   0.0012  -0.0094   0.0005   0.0025  -0.0315   0.0073   0.0231   0.0264   0.0267   1.0000   0.9346   0.0216   0.0378   0.0161  -0.0238   0.0015  -0.0131  -0.0113   0.0175   0.0089   0.0139   0.0175  -0.0081   0.0271   0.0095  -0.0024   0.0417   0.0391  -0.0022   0.0009   0.0016  -0.0018  -0.0004  -0.0226  -0.0147  -0.0062   0.0113  -0.0177   0.0215   0.0216   0.0185
epsma_w     -0.0125  -0.0115  -0.0272  -0.0138  -0.0121  -0.0490  -0.0029   0.0119   0.0172   0.0155   0.9346   1.0000  -0.0034   0.0448   0.0139  -0.0280   0.0002  -0.0080  -0.0080   0.0054  -0.0152  -0.0105   0.0054   0.0127   0.0409   0.0257   0.0267   0.0516   0.0380  -0.0171  -0.0127  -0.0153  -0.0156  -0.0125  -0.0301  -0.0344  -0.0240   0.0017  -0.0411   0.0071   0.0170   0.0130
g            0.0675   0.0665   0.0588   0.0700   0.0649   0.0223  -0.0033   0.0449   0.0258   0.0284   0.0216  -0.0034   1.0000   0.1547   0.0668  -0.1094  -0.0476  -0.0223   0.0733   0.4457   0.7813   0.6995   0.4457  -0.1087   0.2296   0.3906  -0.5886   0.2266   0.1739   0.0583   0.0525   0.1603   0.0859   0.0583  -0.0475  -0.0363   0.3657   0.4033  -0.0925   0.0960   0.0748   0.3802
lam          0.1002   0.0997   0.2039   0.1096   0.0725  -0.0212   0.0196   0.6631   0.1385   0.1240   0.0378   0.0448   0.1547   1.0000   0.6485  -0.8447   0.2184  -0.5620  -0.5621   0.4168  -0.1159   0.1627   0.4168  -0.4472   0.1150  -0.1526   0.0502   0.7357   0.6423   0.0143   0.1596   0.0943  -0.0048   0.0591  -0.3123  -0.3151  -0.0823  -0.0972   0.0607   0.3650   0.0480  -0.0726
phi          0.1458   0.1333   0.5309   0.1706   0.1257   0.2762   0.0289   0.0519   0.0103   0.0073   0.0161   0.0139   0.0668   0.6485   1.0000  -0.8941   0.4291  -0.9788  -0.9749   0.7523  -0.0669   0.4082   0.7523  -0.9171  -0.0618  -0.4404  -0.4033   0.0076  -0.0550   0.0703   0.2720   0.1601  -0.0281   0.0663   0.2825   0.4270   0.2112   0.0475   0.5233   0.0019   0.0183   0.0089
c           -0.1271  -0.1163  -0.4885  -0.1500  -0.1112  -0.3240  -0.0363  -0.3350  -0.0532  -0.0444  -0.0238  -0.0280  -0.1094  -0.8447  -0.8941   1.0000  -0.2521   0.8399   0.8496  -0.5668   0.1920  -0.2300  -0.5668   0.7731   0.1135   0.4550   0.1471  -0.3589  -0.3174  -0.0374  -0.2061  -0.1252   0.0232  -0.0621  -0.2201  -0.1791  -0.1600   0.0323  -0.4363   0.0119   0.0534   0.0849
i            0.1430   0.1452  -0.1558   0.1350   0.1476  -0.1430   0.1052  -0.2058  -0.0108   0.0003   0.0015   0.0002  -0.0476   0.2184   0.4291  -0.2521   1.0000  -0.5361  -0.4925   0.7300   0.4279   0.6405   0.7300  -0.4698   0.3943   0.2023  -0.6169   0.0106  -0.1900   0.1077   0.3901   0.1830   0.0352   0.0822  -0.0809  -0.0238  -0.0584  -0.0137   0.0843   0.1282   0.0572   0.0508
kbar        -0.1467  -0.1333  -0.4354  -0.1670  -0.1439  -0.2966  -0.0622   0.0188  -0.0111  -0.0104  -0.0131  -0.0080  -0.0223  -0.5620  -0.9788   0.8399  -0.5361   1.0000   0.9933  -0.7982   0.0183  -0.4629  -0.7982   0.9468   0.0458   0.4280   0.4862   0.0543   0.1176  -0.0729  -0.2970  -0.1623   0.0355  -0.0592  -0.3465  -0.4944  -0.2213  -0.0443  -0.5634   0.0219  -0.0122  -0.0037
kk          -0.1363  -0.1223  -0.4671  -0.1581  -0.1326  -0.3286  -0.0607  -0.0057  -0.0217  -0.0203  -0.0113  -0.0080   0.0733  -0.5621  -0.9749   0.8496  -0.4925   0.9933   1.0000  -0.7246   0.1301  -0.3609  -0.7246   0.9405   0.1022   0.5098   0.3959   0.0631   0.1044  -0.0628  -0.2772  -0.1405   0.0459  -0.0509  -0.3708  -0.5062  -0.1950   0.0035  -0.5884   0.0409   0.0059   0.0506
u            0.1703   0.1646   0.1239   0.1755   0.1737   0.0312   0.0820  -0.1587  -0.0431  -0.0388   0.0175   0.0054   0.4457   0.4168   0.7523  -0.5668   0.7300  -0.7982  -0.7246   1.0000   0.5719   0.8882   1.0000  -0.7492   0.2931   0.1189  -0.8466   0.0053  -0.1719   0.1127   0.3563   0.2397   0.0284   0.0908   0.1105   0.2802   0.2622   0.2479   0.2814   0.0939   0.1017   0.2605
y            0.0857   0.0904  -0.2470   0.0735   0.0937  -0.2029   0.0424  -0.2425  -0.0144  -0.0020   0.0089  -0.0152   0.7813  -0.1159  -0.0669   0.1920   0.4279   0.0183   0.1301   0.5719   1.0000   0.8777   0.5719  -0.0440   0.4699   0.6444  -0.8106   0.0202  -0.1235   0.0962   0.1815   0.1893   0.1011   0.0694  -0.1704  -0.0946   0.2196   0.3613  -0.2061   0.1581   0.1256   0.4013
n            0.1465   0.1442  -0.0066   0.1456   0.1522  -0.0320   0.0692  -0.2253  -0.0030   0.0079   0.0139  -0.0105   0.6995   0.1627   0.4082  -0.2300   0.6405  -0.4629  -0.3609   0.8882   0.8777   1.0000   0.8882  -0.4960   0.3926   0.3597  -0.9538  -0.0115  -0.1666   0.1209   0.3047   0.2460   0.0730   0.0898   0.0190   0.1557   0.3008   0.3381   0.0905   0.1290   0.1153   0.3530
rk           0.1703   0.1646   0.1239   0.1755   0.1737   0.0312   0.0820  -0.1587  -0.0431  -0.0388   0.0175   0.0054   0.4457   0.4168   0.7523  -0.5668   0.7300  -0.7982  -0.7246   1.0000   0.5719   0.8882   1.0000  -0.7492   0.2931   0.1189  -0.8466   0.0053  -0.1719   0.1127   0.3563   0.2397   0.0284   0.0908   0.1105   0.2802   0.2622   0.2479   0.2814   0.0939   0.1017   0.2605
w           -0.1430  -0.1254  -0.5786  -0.1701  -0.1388  -0.4722  -0.0580   0.0375  -0.1170  -0.1235  -0.0081   0.0127  -0.1087  -0.4472  -0.9171   0.7731  -0.4698   0.9468   0.9405  -0.7492  -0.0440  -0.4960  -0.7492   1.0000   0.1303   0.5685   0.5658   0.1402   0.1150  -0.0836  -0.2824  -0.1726   0.0215  -0.0561  -0.4739  -0.6011  -0.3121  -0.0463  -0.6420   0.0511   0.0258   0.0380
pi           0.0481   0.0619  -0.4415   0.0267   0.0432  -0.4949   0.0417  -0.2114   0.5809   0.5270   0.0271   0.0409   0.2296   0.1150  -0.0618   0.1135   0.3943   0.0458   0.1022   0.2931   0.4699   0.3926   0.2931   0.1303   1.0000   0.5594  -0.2687   0.3350   0.1678   0.0400   0.1292   0.0813   0.0481   0.0422  -0.4391  -0.3518  -0.0955   0.1837  -0.8085   0.4637   0.6160   0.2919
mc          -0.0028   0.0164  -0.7134  -0.0369   0.0076  -0.6691   0.0149  -0.1409  -0.2289  -0.2333   0.0095   0.0257   0.3906  -0.1526  -0.4404   0.4550   0.2023   0.4280   0.5098   0.1189   0.6444   0.3597   0.1189   0.5685   0.5594   1.0000  -0.2034   0.2167  -0.0411   0.0146   0.0192   0.0390   0.0676   0.0287  -0.5731  -0.5531  -0.1421   0.2385  -0.6129   0.1932   0.1651   0.3804
mc_w        -0.1350  -0.1284  -0.0898  -0.1388  -0.1476  -0.1092  -0.0699   0.4148   0.0139  -0.0019  -0.0024   0.0267  -0.5886   0.0502  -0.4033   0.1471  -0.6169   0.4862   0.3959  -0.8466  -0.8106  -0.9538  -0.8466   0.5658  -0.2687  -0.2034   1.0000   0.2803   0.3786  -0.1235  -0.2922  -0.2315  -0.0589  -0.0749  -0.2456  -0.4003  -0.3732  -0.3369  -0.2366   0.0170  -0.0778  -0.3189
r            0.0202   0.0296  -0.2958   0.0060   0.0184  -0.2375   0.0150   0.7207   0.3012   0.2891   0.0417   0.0516   0.2266   0.7357   0.0076  -0.3589   0.0106   0.0543   0.0631   0.0053   0.0202  -0.0115   0.0053   0.1402   0.3350   0.2167   0.2803   1.0000   0.9321  -0.0349   0.0083   0.0082   0.0190   0.0223  -0.5511  -0.7164  -0.2365  -0.1263  -0.4118   0.4120   0.0904  -0.0675
